0.0 0.682727506681 6.82727506681e-05
0.005 0.674569547344 6.74569547344e-05
0.01 0.666808631996 6.66808631996e-05
0.015 0.65893612868 6.5893612868e-05
0.02 0.65132929092 6.5132929092e-05
0.025 0.643702984211 6.43702984211e-05
0.03 0.636153580325 6.36153580325e-05
0.035 0.628901969444 6.28901969444e-05
0.04 0.62161220035 6.2161220035e-05
0.045 0.614451471602 6.14451471602e-05
0.05 0.607410400592 6.07410400592e-05
0.055 0.600332694396 6.00332694396e-05
0.06 0.593519912447 5.93519912447e-05
0.065 0.586683641356 5.86683641356e-05
0.07 0.580148565376 5.80148565376e-05
0.075 0.573488055354 5.73488055354e-05
0.08 0.567052895841 5.67052895841e-05
0.085 0.56061923623 5.6061923623e-05
0.09 0.554147339549 5.54147339549e-05
0.095 0.548058434651 5.48058434651e-05
0.1 0.541844433244 5.41844433244e-05
0.105 0.53571334845 5.3571334845e-05
0.11 0.529728941711 5.29728941711e-05
0.115 0.52379773384 5.2379773384e-05
0.12 0.517918830591 5.17918830591e-05
0.125 0.512271220398 5.12271220398e-05
0.13 0.506512114913 5.06512114913e-05
0.135 0.500978261817 5.00978261817e-05
0.14 0.495358761522 4.95358761522e-05
0.145 0.489836842482 4.89836842482e-05
0.15 0.484511778994 4.84511778994e-05
0.155 0.479125151706 4.79125151706e-05
0.16 0.473978694673 4.73978694673e-05
0.165 0.468784795593 4.68784795593e-05
0.17 0.46368842262 4.6368842262e-05
0.175 0.458554145124 4.58554145124e-05
0.18 0.45359160076 4.5359160076e-05
0.185 0.448696867151 4.48696867151e-05
0.19 0.443906897903 4.43906897903e-05
0.195 0.439057289295 4.39057289295e-05
0.2 0.434360175463 4.34360175463e-05
0.205 0.429549485813 4.29549485813e-05
0.21 0.425051486128 4.25051486128e-05
0.215 0.420501323743 4.20501323743e-05
0.22 0.416057125881 4.16057125881e-05
0.225 0.411500500231 4.11500500231e-05
0.23 0.407267542085 4.07267542085e-05
0.235 0.402957470941 4.02957470941e-05
0.24 0.398644085006 3.98644085006e-05
0.245 0.394391085316 3.94391085316e-05
0.25 0.390173047474 3.90173047474e-05
0.255 0.38615653201 3.8615653201e-05
0.26 0.382102581354 3.82102581354e-05
0.265 0.378137215239 3.78137215239e-05
0.27 0.374149443002 3.74149443002e-05
0.275 0.370190384095 3.70190384095e-05
0.28 0.366400110021 3.66400110021e-05
0.285 0.362601537344 3.62601537344e-05
0.29 0.35882896245 3.5882896245e-05
0.295 0.355118177046 3.55118177046e-05
0.3 0.351479958841 3.51479958841e-05
0.305 0.347857006001 3.47857006001e-05
0.31 0.344263649437 3.44263649437e-05
0.315 0.340757501342 3.40757501342e-05
0.32 0.337309178351 3.37309178351e-05
0.325 0.333850618836 3.33850618836e-05
0.33 0.330511481627 3.30511481627e-05
0.335 0.32710330657 3.2710330657e-05
0.34 0.323750709893 3.23750709893e-05
0.345 0.320523249563 3.20523249563e-05
0.35 0.31724219163 3.1724219163e-05
0.355 0.31404673525 3.1404673525e-05
0.36 0.310955488282 3.10955488282e-05
0.365 0.307810633251 3.07810633251e-05
0.37 0.30473068045 3.0473068045e-05
0.375 0.301694164241 3.01694164241e-05
0.38 0.298696956582 2.98696956582e-05
0.385 0.295720749779 2.95720749779e-05
0.39 0.292750752682 2.92750752682e-05
0.395 0.289883892917 2.89883892917e-05
0.4 0.287000895632 2.87000895632e-05
0.405 0.284211158113 2.84211158113e-05
0.41 0.281384085107 2.81384085107e-05
0.415 0.278673853924 2.78673853924e-05
0.42 0.275947891258 2.75947891258e-05
0.425 0.273245432006 2.73245432006e-05
0.43 0.270558341562 2.70558341562e-05
0.435 0.267930694005 2.67930694005e-05
0.44 0.265304937216 2.65304937216e-05
0.445 0.262750846148 2.62750846148e-05
0.45 0.26023238783 2.6023238783e-05
0.455 0.257717621621 2.57717621621e-05
0.46 0.255258958223 2.55258958223e-05
0.465 0.252783400795 2.52783400795e-05
0.47 0.250340959678 2.50340959678e-05
0.475 0.247994652961 2.47994652961e-05
0.48 0.245626753379 2.45626753379e-05
0.485 0.243259605852 2.43259605852e-05
0.49 0.24095082802 2.4095082802e-05
0.495 0.238660387522 2.38660387522e-05
0.5 0.236403171429 2.36403171429e-05
0.505 0.234174085273 2.34174085273e-05
0.51 0.231952929924 2.31952929924e-05
0.515 0.229801268007 2.29801268007e-05
0.52 0.227636658295 2.27636658295e-05
0.525 0.22548072081 2.2548072081e-05
0.53 0.223412609791 2.23412609791e-05
0.535 0.221281070846 2.21281070846e-05
0.54 0.219228138354 2.19228138354e-05
0.545 0.217173036677 2.17173036677e-05
0.55 0.215214710416 2.15214710416e-05
0.555 0.213197091509 2.13197091509e-05
0.56 0.211268398331 2.11268398331e-05
0.565 0.209294136901 2.09294136901e-05
0.57 0.20741202093 2.0741202093e-05
0.575 0.205506630095 2.05506630095e-05
0.58 0.203611971975 2.03611971975e-05
0.585 0.201681111853 2.01681111853e-05
0.59 0.199892759465 1.99892759465e-05
0.595 0.198067537695 1.98067537695e-05
0.6 0.196274064574 1.96274064574e-05
0.605 0.194503505186 1.94503505186e-05
0.61 0.192742656122 1.92742656122e-05
0.615 0.190996917363 1.90996917363e-05
0.62 0.189258853305 1.89258853305e-05
0.625 0.187563192138 1.87563192138e-05
0.63 0.185893794592 1.85893794592e-05
0.635 0.184245523912 1.84245523912e-05
0.64 0.182557339091 1.82557339091e-05
0.645 0.180947042171 1.80947042171e-05
0.65 0.179339447147 1.79339447147e-05
0.655 0.177728400381 1.77728400381e-05
0.66 0.176178086558 1.76178086558e-05
0.665 0.174595179452 1.74595179452e-05
0.67 0.173090163996 1.73090163996e-05
0.675 0.171534391812 1.71534391812e-05
0.68 0.17004281711 1.7004281711e-05
0.685 0.16854203218 1.6854203218e-05
0.69 0.16707217271 1.6707217271e-05
0.695 0.16561288542 1.6561288542e-05
0.7 0.164154706319 1.64154706319e-05
0.705 0.162707367549 1.62707367549e-05
0.71 0.161307409845 1.61307409845e-05
0.715 0.159917563052 1.59917563052e-05
0.72 0.158538756859 1.58538756859e-05
0.725 0.157154492738 1.57154492738e-05
0.73 0.155795383026 1.55795383026e-05
0.735 0.154431429932 1.54431429932e-05
0.74 0.153121191561 1.53121191561e-05
0.745 0.151814538843 1.51814538843e-05
0.75 0.150533885274 1.50533885274e-05
0.755 0.149250493763 1.49250493763e-05
0.76 0.147946995357 1.47946995357e-05
0.765 0.146688029206 1.46688029206e-05
0.77 0.145452433757 1.45452433757e-05
0.775 0.144187098435 1.44187098435e-05
0.78 0.142990420205 1.42990420205e-05
0.785 0.141780090973 1.41780090973e-05
0.79 0.140586857032 1.40586857032e-05
0.795 0.139400845255 1.39400845255e-05
0.8 0.138237602857 1.38237602857e-05
0.805 0.137070486121 1.37070486121e-05
0.81 0.135919053531 1.35919053531e-05
0.815 0.134770061608 1.34770061608e-05
0.82 0.133660873101 1.33660873101e-05
0.825 0.132541526765 1.32541526765e-05
0.83 0.131421726806 1.31421726806e-05
0.835 0.130347136978 1.30347136978e-05
0.84 0.129257664111 1.29257664111e-05
0.845 0.128201988664 1.28201988664e-05
0.85 0.127144537963 1.27144537963e-05
0.855 0.126103670398 1.26103670398e-05
0.86 0.125026503789 1.25026503789e-05
0.865 0.124037621624 1.24037621624e-05
0.87 0.122988100413 1.22988100413e-05
0.875 0.122017401439 1.22017401439e-05
0.88 0.120998669224 1.20998669224e-05
0.885 0.120019813369 1.20019813369e-05
0.89 0.119015079811 1.19015079811e-05
0.895 0.118050281576 1.18050281576e-05
0.9 0.117113323064 1.17113323064e-05
0.905 0.116150675439 1.16150675439e-05
0.91 0.115197577788 1.15197577788e-05
0.915 0.114288580983 1.14288580983e-05
0.92 0.113381405165 1.13381405165e-05
0.925 0.112469501271 1.12469501271e-05
0.93 0.111539925248 1.11539925248e-05
0.935 0.11067270768 1.1067270768e-05
0.94 0.109780565704 1.09780565704e-05
0.945 0.108885038298 1.08885038298e-05
0.95 0.108028578005 1.08028578005e-05
0.955 0.107181388915 1.07181388915e-05
0.96 0.106333173911 1.06333173911e-05
0.965 0.10546146759 1.0546146759e-05
0.97 0.10462347574 1.0462347574e-05
0.975 0.103826763197 1.03826763197e-05
0.98 0.102981515568 1.02981515568e-05
0.985 0.102181462978 1.02181462978e-05
0.99 0.101359593147 1.01359593147e-05
0.995 0.100575142744 1.00575142744e-05
1.0 0.099785670431 9.9785670431e-06
1.005 0.0989970831907 9.89970831907e-06
1.01 0.0982402339517 9.82402339517e-06
1.015 0.0974489136357 9.74489136357e-06
1.02 0.0967134448449 9.67134448449e-06
1.025 0.0959630988697 9.59630988697e-06
1.03 0.0952017381203 9.52017381203e-06
1.035 0.0944672975578 9.44672975578e-06
1.04 0.0937249677122 9.37249677122e-06
1.045 0.0930295627543 9.30295627543e-06
1.05 0.0922794533987 9.22794533987e-06
1.055 0.0915527098083 9.15527098083e-06
1.06 0.0908613487552 9.08613487552e-06
1.065 0.0901591218207 9.01591218207e-06
1.07 0.0894557034179 8.94557034179e-06
1.075 0.0887896917724 8.87896917724e-06
1.08 0.088114579221 8.8114579221e-06
1.085 0.0874309503542 8.74309503542e-06
1.09 0.0867576368813 8.67576368813e-06
1.095 0.0860982332367 8.60982332367e-06
1.1 0.0854412475991 8.54412475991e-06
1.105 0.0848154543815 8.48154543815e-06
1.11 0.0841566206209 8.41566206209e-06
1.115 0.0835183521219 8.35183521219e-06
1.12 0.0828912562473 8.28912562473e-06
1.125 0.0822490092461 8.22490092461e-06
1.13 0.0816521624503 8.16521624503e-06
1.135 0.0810177033392 8.10177033392e-06
1.14 0.0804026128035 8.04026128035e-06
1.145 0.0798015797501 7.98015797501e-06
1.15 0.0792191781454 7.92191781454e-06
1.155 0.0786183011544 7.86183011544e-06
1.16 0.0780366952428 7.80366952428e-06
1.165 0.0774421593189 7.74421593189e-06
1.17 0.0768703206498 7.68703206498e-06
1.175 0.0763061091798 7.63061091798e-06
1.18 0.0757370193511 7.57370193511e-06
1.185 0.0751436589862 7.51436589862e-06
1.19 0.0746015774124 7.46015774124e-06
1.195 0.0740603304699 7.40603304699e-06
1.2 0.0735028328565 7.35028328565e-06
1.205 0.0729603214934 7.29603214934e-06
1.21 0.0724407904777 7.24407904777e-06
1.215 0.07188518402 7.188518402e-06
1.22 0.0713509507026 7.13509507026e-06
1.225 0.0708434161668 7.08434161668e-06
1.23 0.0703394904265 7.03394904265e-06
1.235 0.0698090654486 6.98090654486e-06
1.24 0.0693006513045 6.93006513045e-06
1.245 0.0687896515743 6.87896515743e-06
1.25 0.0682949881923 6.82949881923e-06
1.255 0.0677823078189 6.77823078189e-06
1.26 0.0672966133788 6.72966133788e-06
1.265 0.0667911006414 6.67911006414e-06
1.27 0.0663179345461 6.63179345461e-06
1.275 0.0658346480615 6.58346480615e-06
1.28 0.065363874448 6.5363874448e-06
1.285 0.0648849797029 6.48849797029e-06
1.29 0.0644266647958 6.44266647958e-06
1.295 0.0639559740242 6.39559740242e-06
1.3 0.0635026891971 6.35026891971e-06
1.305 0.0630413906384 6.30413906384e-06
1.31 0.0625928287403 6.25928287403e-06
1.315 0.0621359553656 6.21359553656e-06
1.32 0.0616974733576 6.16974733576e-06
1.325 0.0612588521926 6.12588521926e-06
1.33 0.0608119667069 6.08119667069e-06
1.335 0.0603741470784 6.03741470784e-06
1.34 0.0599420665277 5.99420665277e-06
1.345 0.0595192889407 5.95192889407e-06
1.35 0.059099907877 5.9099907877e-06
1.355 0.0586701378462 5.86701378462e-06
1.36 0.0582582138253 5.82582138253e-06
1.365 0.0578578070557 5.78578070557e-06
1.37 0.0574452181948 5.74452181948e-06
1.375 0.0570331686702 5.70331686702e-06
1.38 0.0566197344753 5.66197344753e-06
1.385 0.0562326971062 5.62326971062e-06
1.39 0.0558375553211 5.58375553211e-06
1.395 0.0554418107458 5.54418107458e-06
1.4 0.0550661477558 5.50661477558e-06
1.405 0.0546721311755 5.46721311755e-06
1.41 0.0542848043598 5.42848043598e-06
1.415 0.0539022517434 5.39022517434e-06
1.42 0.0535277940375 5.35277940375e-06
1.425 0.0531577417925 5.31577417925e-06
1.43 0.0527760468081 5.27760468081e-06
1.435 0.0524085869364 5.24085869364e-06
1.44 0.0520613755076 5.20613755076e-06
1.445 0.0516859817956 5.16859817956e-06
1.45 0.0513272180049 5.13272180049e-06
1.455 0.0509634772813 5.09634772813e-06
1.46 0.050612966247 5.0612966247e-06
1.465 0.0502700997382 5.02700997382e-06
1.47 0.0499145150505 4.99145150505e-06
1.475 0.0495847890334 4.95847890334e-06
1.48 0.0492301678527 4.92301678527e-06
1.485 0.0489021060703 4.89021060703e-06
1.49 0.0485604082517 4.85604082517e-06
1.495 0.0482336163394 4.82336163394e-06
1.5 0.0479026799904 4.79026799904e-06
1.505 0.0475640353239 4.75640353239e-06
1.51 0.0472478513667 4.72478513667e-06
1.515 0.0469102506173 4.69102506173e-06
1.52 0.0465882939617 4.65882939617e-06
1.525 0.0462750095447 4.62750095447e-06
1.53 0.0459633325307 4.59633325307e-06
1.535 0.04563820859 4.563820859e-06
1.54 0.0453295355533 4.53295355533e-06
1.545 0.0450255042114 4.50255042114e-06
1.55 0.0447177208208 4.47177208208e-06
1.555 0.0444161987418 4.44161987418e-06
1.56 0.0441223849063 4.41223849063e-06
1.565 0.0438244964152 4.38244964152e-06
1.57 0.0435230080077 4.35230080077e-06
1.575 0.0432305775857 4.32305775857e-06
1.58 0.0429320896127 4.29320896127e-06
1.585 0.0426456107574 4.26456107574e-06
1.59 0.0423579507541 4.23579507541e-06
1.595 0.0420677556905 4.20677556905e-06
1.6 0.0417874737636 4.17874737636e-06
1.605 0.0415004056407 4.15004056407e-06
1.61 0.0412303859251 4.12303859251e-06
1.615 0.0409480648711 4.09480648711e-06
1.62 0.0406790760557 4.06790760557e-06
1.625 0.0404064162406 4.04064162406e-06
1.63 0.0401314610058 4.01314610058e-06
1.635 0.0398717287795 3.98717287795e-06
1.64 0.0395968182502 3.95968182502e-06
1.645 0.0393404678817 3.93404678817e-06
1.65 0.03907021671 3.907021671e-06
1.655 0.0388120362695 3.88120362695e-06
1.66 0.0385495672957 3.85495672957e-06
1.665 0.038302754727 3.8302754727e-06
1.67 0.0380447094329 3.80447094329e-06
1.675 0.0377995525082 3.77995525082e-06
1.68 0.037543379784 3.7543379784e-06
1.685 0.0372997287923 3.72997287923e-06
1.69 0.0370460424176 3.70460424176e-06
1.695 0.0367997586401 3.67997586401e-06
1.7 0.0365620402689 3.65620402689e-06
1.705 0.0363235143863 3.63235143863e-06
1.71 0.036082240218 3.6082240218e-06
1.715 0.0358439355368 3.58439355368e-06
1.72 0.0356070093606 3.56070093606e-06
1.725 0.0353694896836 3.53694896836e-06
1.73 0.0351413827849 3.51413827849e-06
1.735 0.0349108251394 3.49108251394e-06
1.74 0.0346833230657 3.46833230657e-06
1.745 0.0344540354177 3.44540354177e-06
1.75 0.0342277221362 3.42277221362e-06
1.755 0.0339995331675 3.39995331675e-06
1.76 0.0337815687837 3.37815687837e-06
1.765 0.0335646653106 3.35646653106e-06
1.77 0.0333416956329 3.33416956329e-06
1.775 0.0331317086695 3.31317086695e-06
1.78 0.0329078091405 3.29078091405e-06
1.785 0.0326976948387 3.26976948387e-06
1.79 0.0324869287301 3.24869287301e-06
1.795 0.0322708849169 3.22708849169e-06
1.8 0.0320637436119 3.20637436119e-06
1.805 0.0318554629698 3.18554629698e-06
1.81 0.031646643088 3.1646643088e-06
1.815 0.0314455849407 3.14455849407e-06
1.82 0.0312445457354 3.12445457354e-06
1.825 0.0310481010924 3.10481010924e-06
1.83 0.0308462868028 3.08462868028e-06
1.835 0.0306428377389 3.06428377389e-06
1.84 0.0304467886859 3.04467886859e-06
1.845 0.0302518872081 3.02518872081e-06
1.85 0.030052001799 3.0052001799e-06
1.855 0.02985871955 2.985871955e-06
1.86 0.0296702068312 2.96702068312e-06
1.865 0.0294772317755 2.94772317755e-06
1.87 0.029288492207 2.9288492207e-06
1.875 0.0291040595372 2.91040595372e-06
1.88 0.0289156693796 2.89156693796e-06
1.885 0.0287276799897 2.87276799897e-06
1.89 0.0285515008222 2.85515008222e-06
1.895 0.028368152243 2.8368152243e-06
1.9 0.0281809374519 2.81809374519e-06
1.905 0.0280068504089 2.80068504089e-06
1.91 0.0278276825671 2.78276825671e-06
1.915 0.0276486041289 2.76486041289e-06
1.92 0.0274793745263 2.74793745263e-06
1.925 0.0273018348355 2.73018348355e-06
1.93 0.0271260156865 2.71260156865e-06
1.935 0.0269473149324 2.69473149324e-06
1.94 0.0267864197277 2.67864197277e-06
1.945 0.0266131902281 2.66131902281e-06
1.95 0.0264450906371 2.64450906371e-06
1.955 0.0262795512474 2.62795512474e-06
1.96 0.0261108826671 2.61108826671e-06
1.965 0.025946664254 2.5946664254e-06
1.97 0.0257813922648 2.57813922648e-06
1.975 0.0256189283116 2.56189283116e-06
1.98 0.0254553206013 2.54553206013e-06
1.985 0.025299328746 2.5299328746e-06
1.99 0.0251399318417 2.51399318417e-06
1.995 0.0249801742451 2.49801742451e-06
2.0 0.0248197341989 2.48197341989e-06
2.005 0.0246674879022 2.46674879022e-06
2.01 0.0245139309697 2.45139309697e-06
2.015 0.0243562098118 2.43562098118e-06
2.02 0.0242051871967 2.42051871967e-06
2.025 0.0240566350302 2.40566350302e-06
2.03 0.0239052020488 2.39052020488e-06
2.035 0.0237546629043 2.37546629043e-06
2.04 0.0236049255149 2.36049255149e-06
2.045 0.0234562655603 2.34562655603e-06
2.05 0.023312836853 2.3312836853e-06
2.055 0.0231644141191 2.31644141191e-06
2.06 0.0230196647389 2.30196647389e-06
2.065 0.0228795505038 2.28795505038e-06
2.07 0.0227308770331 2.27308770331e-06
2.075 0.0225949649858 2.25949649858e-06
2.08 0.022453733708 2.2453733708e-06
2.085 0.0223107389382 2.23107389382e-06
2.09 0.0221761101691 2.21761101691e-06
2.095 0.0220422137194 2.20422137194e-06
2.1 0.0218998430052 2.18998430052e-06
2.105 0.0217647909067 2.17647909067e-06
2.11 0.0216304357761 2.16304357761e-06
2.115 0.0214973436085 2.14973436085e-06
2.12 0.0213638304253 2.13638304253e-06
2.125 0.0212305357845 2.12305357845e-06
2.13 0.0211007717086 2.11007717086e-06
2.135 0.0209683548983 2.09683548983e-06
2.14 0.0208468367658 2.08468367658e-06
2.145 0.0207145015652 2.07145015652e-06
2.15 0.0205893940869 2.05893940869e-06
2.155 0.020459901706 2.0459901706e-06
2.16 0.0203348011987 2.03348011987e-06
2.165 0.0202075934829 2.02075934829e-06
2.17 0.020079486873 2.0079486873e-06
2.175 0.019958963893 1.9958963893e-06
2.18 0.0198429923538 1.98429923538e-06
2.185 0.0197173070717 1.97173070717e-06
2.19 0.0195962494415 1.95962494415e-06
2.195 0.0194777028107 1.94777028107e-06
2.2 0.019358186464 1.9358186464e-06
2.205 0.0192400172412 1.92400172412e-06
2.21 0.0191197817867 1.91197817867e-06
2.215 0.0190032997773 1.90032997773e-06
2.22 0.0188901316604 1.88901316604e-06
2.225 0.0187719576902 1.87719576902e-06
2.23 0.0186596462113 1.86596462113e-06
2.235 0.018548325011 1.8548325011e-06
2.24 0.0184284322842 1.84284322842e-06
2.245 0.0183186878882 1.83186878882e-06
2.25 0.0182059750394 1.82059750394e-06
2.255 0.0180983335284 1.80983335284e-06
2.26 0.0179867919849 1.79867919849e-06
2.265 0.0178771674368 1.78771674368e-06
2.27 0.0177657400443 1.77657400443e-06
2.275 0.0176630963285 1.76630963285e-06
2.28 0.017553691338 1.7553691338e-06
2.285 0.0174460435491 1.74460435491e-06
2.29 0.0173447359626 1.73447359626e-06
2.295 0.0172375624252 1.72375624252e-06
2.3 0.0171311450998 1.71311450998e-06
2.305 0.0170301852698 1.70301852698e-06
2.31 0.0169293133147 1.69293133147e-06
2.315 0.0168237648756 1.68237648756e-06
2.32 0.0167234596781 1.67234596781e-06
2.325 0.0166211954216 1.66211954216e-06
2.33 0.0165200910939 1.65200910939e-06
2.335 0.0164218174147 1.64218174147e-06
2.34 0.0163235089509 1.63235089509e-06
2.345 0.0162252016978 1.62252016978e-06
2.35 0.0161258902569 1.61258902569e-06
2.355 0.0160306633211 1.60306633211e-06
2.36 0.0159346607474 1.59346607474e-06
2.365 0.0158370872906 1.58370872906e-06
2.37 0.0157450431044 1.57450431044e-06
2.375 0.0156465915076 1.56465915076e-06
2.38 0.015554454129 1.5554454129e-06
2.385 0.0154614418114 1.54614418114e-06
2.39 0.0153715887263 1.53715887263e-06
2.395 0.0152785149017 1.52785149017e-06
2.4 0.0151888693307 1.51888693307e-06
2.405 0.0150959252381 1.50959252381e-06
2.41 0.0150066423166 1.50066423166e-06
2.415 0.0149173316515 1.49173316515e-06
2.42 0.0148271076957 1.48271076957e-06
2.425 0.0147376942797 1.47376942797e-06
2.43 0.0146500025043 1.46500025043e-06
2.435 0.0145630408635 1.45630408635e-06
2.44 0.0144762710426 1.44762710426e-06
2.445 0.014387874807 1.4387874807e-06
2.45 0.0143049061235 1.43049061235e-06
2.455 0.0142197045395 1.42197045395e-06
2.46 0.014134436091 1.4134436091e-06
2.465 0.0140504578422 1.40504578422e-06
2.47 0.0139649311237 1.39649311237e-06
2.475 0.013885454401 1.3885454401e-06
2.48 0.0138023330482 1.38023330482e-06
2.485 0.0137212795304 1.37212795304e-06
2.49 0.0136391630829 1.36391630829e-06
2.495 0.0135561294266 1.35561294266e-06
2.5 0.0134770178031 1.34770178031e-06
2.505 0.013398927398 1.3398927398e-06
2.51 0.0133182150499 1.33182150499e-06
2.515 0.0132394710976 1.32394710976e-06
2.52 0.0131598040125 1.31598040125e-06
2.525 0.0130821136459 1.30821136459e-06
2.53 0.0130075030567 1.30075030567e-06
2.535 0.0129294867018 1.29294867018e-06
2.54 0.0128528350373 1.28528350373e-06
2.545 0.0127787804302 1.27787804302e-06
2.55 0.0127027646599 1.27027646599e-06
2.555 0.0126287197911 1.26287197911e-06
2.56 0.0125550466279 1.25550466279e-06
2.565 0.012479225144 1.2479225144e-06
2.57 0.0124071532382 1.24071532382e-06
2.575 0.012332107767 1.2332107767e-06
2.58 0.0122626787591 1.22626787591e-06
2.585 0.0121873873076 1.21873873076e-06
2.59 0.0121159317994 1.21159317994e-06
2.595 0.0120447146294 1.20447146294e-06
2.6 0.0119744089499 1.19744089499e-06
2.605 0.0119030183186 1.19030183186e-06
2.61 0.0118324827105 1.18324827105e-06
2.615 0.0117671025369 1.17671025369e-06
2.62 0.0116978275609 1.16978275609e-06
2.625 0.0116281301157 1.16281301157e-06
2.63 0.0115587496165 1.15587496165e-06
2.635 0.0114930898798 1.14930898798e-06
2.64 0.0114235896963 1.14235896963e-06
2.645 0.0113579551963 1.13579551963e-06
2.65 0.0112916175402 1.12916175402e-06
2.655 0.0112247426125 1.12247426125e-06
2.66 0.011160083888 1.1160083888e-06
2.665 0.0110941827067 1.10941827067e-06
2.67 0.0110304524449 1.10304524449e-06
2.675 0.0109662606172 1.09662606172e-06
2.68 0.0109023203906 1.09023203906e-06
2.685 0.0108394585126 1.08394585126e-06
2.69 0.0107764861735 1.07764861735e-06
2.695 0.0107148512111 1.07148512111e-06
2.7 0.010648703176 1.0648703176e-06
2.705 0.0105899583668 1.05899583668e-06
2.71 0.0105284074616 1.05284074616e-06
2.715 0.0104639819903 1.04639819903e-06
2.72 0.0104059043543 1.04059043543e-06
2.725 0.0103451457548 1.03451457548e-06
2.73 0.0102848627905 1.02848627905e-06
2.735 0.0102261477228 1.02261477228e-06
2.74 0.0101661638018 1.01661638018e-06
2.745 0.0101068510171 1.01068510171e-06
2.75 0.0100503038134 1.00503038134e-06
2.755 0.00999040308887 9.99040308887e-07
2.76 0.00993148186059 9.93148186059e-07
2.765 0.00987443522168 9.87443522168e-07
2.77 0.00981809499093 9.81809499093e-07
2.775 0.0097608618277 9.7608618277e-07
2.78 0.00970501774041 9.70501774041e-07
2.785 0.00964854028165 9.64854028165e-07
2.79 0.00959506291638 9.59506291638e-07
2.795 0.00953700806971 9.53700806971e-07
2.8 0.00948415254785 9.48415254785e-07
2.805 0.00942892947499 9.42892947499e-07
2.81 0.0093750017059 9.3750017059e-07
2.815 0.00931993868094 9.31993868094e-07
2.82 0.0092657617519 9.2657617519e-07
2.825 0.00921264917498 9.21264917498e-07
2.83 0.00915822643105 9.15822643105e-07
2.835 0.00910794675375 9.10794675375e-07
2.84 0.0090551576867 9.0551576867e-07
2.845 0.00900222520439 9.00222520439e-07
2.85 0.00895137755205 8.95137755205e-07
2.855 0.00889911771521 8.89911771521e-07
2.86 0.00884881874646 8.84881874646e-07
2.865 0.00879722788676 8.79722788676e-07
2.87 0.00874728019648 8.74728019648e-07
2.875 0.00869758552287 8.69758552287e-07
2.88 0.00864715521449 8.64715521449e-07
2.885 0.00859878518798 8.59878518798e-07
2.89 0.00854849266382 8.54849266382e-07
2.895 0.00849949678534 8.49949678534e-07
2.9 0.00845135026215 8.45135026215e-07
2.905 0.00840352726547 8.40352726547e-07
2.91 0.00835553191754 8.35553191754e-07
2.915 0.00830593034259 8.30593034259e-07
2.92 0.00825892640735 8.25892640735e-07
2.925 0.00821097082321 8.21097082321e-07
2.93 0.00816448990106 8.16448990106e-07
2.935 0.00811749033281 8.11749033281e-07
2.94 0.00807261471982 8.07261471982e-07
2.945 0.0080270271449 8.0270271449e-07
2.95 0.00798073598943 7.98073598943e-07
2.955 0.00793529861828 7.93529861828e-07
2.96 0.00789070912388 7.89070912388e-07
2.965 0.00784409888354 7.84409888354e-07
2.97 0.00779991423984 7.79991423984e-07
2.975 0.00775592339701 7.75592339701e-07
2.98 0.00771132340466 7.71132340466e-07
2.985 0.00766758889183 7.66758889183e-07
2.99 0.00762455071668 7.62455071668e-07
2.995 0.00758033589103 7.58033589103e-07
3.0 0.00753841803439 7.53841803439e-07
3.005 0.00749448328987 7.49448328987e-07
3.01 0.00745176709492 7.45176709492e-07
3.015 0.00741033754197 7.41033754197e-07
3.02 0.00736869360486 7.36869360486e-07
3.025 0.00732694912654 7.32694912654e-07
3.03 0.00728318991197 7.28318991197e-07
3.035 0.00724259738536 7.24259738536e-07
3.04 0.00720271553156 7.20271553156e-07
3.045 0.00716305071948 7.16305071948e-07
3.05 0.00712095408888 7.12095408888e-07
3.055 0.00707999840313 7.07999840313e-07
3.06 0.00703988427148 7.03988427148e-07
3.065 0.00699982550173 6.99982550173e-07
3.07 0.00696172021527 6.96172021527e-07
3.075 0.0069222997638 6.9222997638e-07
3.08 0.00688330406489 6.88330406489e-07
3.085 0.00684267321586 6.84267321586e-07
3.09 0.00680497372865 6.80497372865e-07
3.095 0.00676607932737 6.76607932737e-07
3.1 0.00672734168071 6.72734168071e-07
3.105 0.00668937058112 6.68937058112e-07
3.11 0.00665321067867 6.65321067867e-07
3.115 0.00661519276538 6.61519276538e-07
3.12 0.00657885972857 6.57885972857e-07
3.125 0.00654171169763 6.54171169763e-07
3.13 0.0065038554736 6.5038554736e-07
3.135 0.00646746313969 6.46746313969e-07
3.14 0.00643134258855 6.43134258855e-07
3.145 0.00639383034899 6.39383034899e-07
3.15 0.00635944720333 6.35944720333e-07
3.155 0.006322258517 6.322258517e-07
3.16 0.00628820147461 6.28820147461e-07
3.165 0.00625169526794 6.25169526794e-07
3.17 0.00621757657802 6.21757657802e-07
3.175 0.00618136844266 6.18136844266e-07
3.18 0.00614716385763 6.14716385763e-07
3.185 0.00611238091827 6.11238091827e-07
3.19 0.00607866184674 6.07866184674e-07
3.195 0.00604322855746 6.04322855746e-07
3.2 0.00601056042663 6.01056042663e-07
3.205 0.00597693690836 5.97693690836e-07
3.21 0.00594341411667 5.94341411667e-07
3.215 0.00590987856109 5.90987856109e-07
3.22 0.00587715095068 5.87715095068e-07
3.225 0.00584346309917 5.84346309917e-07
3.23 0.00581135938216 5.81135938216e-07
3.235 0.00577962889767 5.77962889767e-07
3.24 0.00574691295564 5.74691295564e-07
3.245 0.0057150854821 5.7150854821e-07
3.25 0.00568190958976 5.68190958976e-07
3.255 0.00565071957794 5.65071957794e-07
3.26 0.00561870084966 5.61870084966e-07
3.265 0.00558771330305 5.58771330305e-07
3.27 0.00555600218254 5.55600218254e-07
3.275 0.00552555495505 5.52555495505e-07
3.28 0.00549334817638 5.49334817638e-07
3.285 0.00546412865337 5.46412865337e-07
3.29 0.00543321315163 5.43321315163e-07
3.295 0.00540393795221 5.40393795221e-07
3.3 0.00537353359602 5.37353359602e-07
3.305 0.00534284681403 5.34284681403e-07
3.31 0.00531387052984 5.31387052984e-07
3.315 0.00528379074259 5.28379074259e-07
3.32 0.00525464869901 5.25464869901e-07
3.325 0.0052250838474 5.2250838474e-07
3.33 0.00519557417153 5.19557417153e-07
3.335 0.00516673604742 5.16673604742e-07
3.34 0.00513794760148 5.13794760148e-07
3.345 0.00510932922267 5.10932922267e-07
3.35 0.00508097669034 5.08097669034e-07
3.355 0.00505282941131 5.05282941131e-07
3.36 0.00502534150032 5.02534150032e-07
3.365 0.00499669352799 4.99669352799e-07
3.37 0.00496987986051 4.96987986051e-07
3.375 0.0049415844104 4.9415844104e-07
3.38 0.00491392352881 4.91392352881e-07
3.385 0.00488695658117 4.88695658117e-07
3.39 0.00485913653376 4.85913653376e-07
3.395 0.00483351756473 4.83351756473e-07
3.4 0.00480578920401 4.80578920401e-07
3.405 0.00478045066806 4.78045066806e-07
3.41 0.00475310844368 4.75310844368e-07
3.415 0.00472704544926 4.72704544926e-07
3.42 0.00470026447256 4.70026447256e-07
3.425 0.00467451556884 4.67451556884e-07
3.43 0.00464830273509 4.64830273509e-07
3.435 0.00462278794806 4.62278794806e-07
3.44 0.00459736004663 4.59736004663e-07
3.445 0.00457225787212 4.57225787212e-07
3.45 0.00454705540745 4.54705540745e-07
3.455 0.00452134496378 4.52134496378e-07
3.46 0.00449587151451 4.49587151451e-07
3.465 0.00447180033196 4.47180033196e-07
3.47 0.00444645354868 4.44645354868e-07
3.475 0.00442170764961 4.42170764961e-07
3.48 0.00439742056176 4.39742056176e-07
3.485 0.00437401563386 4.37401563386e-07
3.49 0.00434983917135 4.34983917135e-07
3.495 0.00432598168705 4.32598168705e-07
3.5 0.00430240896504 4.30240896504e-07
3.505 0.00427806858045 4.27806858045e-07
3.51 0.00425498872174 4.25498872174e-07
3.515 0.00423127777576 4.23127777576e-07
3.52 0.00420849123759 4.20849123759e-07
3.525 0.00418443956213 4.18443956213e-07
3.53 0.00416165930611 4.16165930611e-07
3.535 0.00413912333785 4.13912333785e-07
3.54 0.00411560769837 4.11560769837e-07
3.545 0.00409342704608 4.09342704608e-07
3.55 0.00407026368862 4.07026368862e-07
3.555 0.0040485767983 4.0485767983e-07
3.56 0.00402587108408 4.02587108408e-07
3.565 0.00400336992096 4.00336992096e-07
3.57 0.00398148807881 3.98148807881e-07
3.575 0.00396004396141 3.96004396141e-07
3.58 0.0039379665917 3.9379665917e-07
3.585 0.00391660128787 3.91660128787e-07
3.59 0.00389480807407 3.89480807407e-07
3.595 0.00387408290471 3.87408290471e-07
3.6 0.00385258039847 3.85258039847e-07
3.605 0.00383118677795 3.83118677795e-07
3.61 0.00381032780082 3.81032780082e-07
3.615 0.00378965237408 3.78965237408e-07
3.62 0.00376807315603 3.76807315603e-07
3.625 0.00374827881283 3.74827881283e-07
3.63 0.00372818512282 3.72818512282e-07
3.635 0.0037067404351 3.7067404351e-07
3.64 0.00368730303802 3.68730303802e-07
3.645 0.00366710669485 3.66710669485e-07
3.65 0.0036469830577 3.6469830577e-07
3.655 0.00362638238334 3.62638238334e-07
3.66 0.00360682983039 3.60682983039e-07
3.665 0.00358752150895 3.58752150895e-07
3.67 0.00356719131545 3.56719131545e-07
3.675 0.00354783531573 3.54783531573e-07
3.68 0.00352827450172 3.52827450172e-07
3.685 0.00350881342098 3.50881342098e-07
3.69 0.00349036884538 3.49036884538e-07
3.695 0.00347118686577 3.47118686577e-07
3.7 0.00345192519529 3.45192519529e-07
3.705 0.00343284330602 3.43284330602e-07
3.71 0.00341407480334 3.41407480334e-07
3.715 0.00339609565452 3.39609565452e-07
3.72 0.00337791870636 3.37791870636e-07
3.725 0.00335848484188 3.35848484188e-07
3.73 0.00334053292198 3.34053292198e-07
3.735 0.00332228072999 3.32228072999e-07
3.74 0.0033051646337 3.3051646337e-07
3.745 0.003286157868 3.286157868e-07
3.75 0.0032689330178 3.2689330178e-07
3.755 0.00325053611389 3.25053611389e-07
3.76 0.00323317094767 3.23317094767e-07
3.765 0.00321555061746 3.21555061746e-07
3.77 0.00319823767552 3.19823767552e-07
3.775 0.00318096938538 3.18096938538e-07
3.78 0.00316320743474 3.16320743474e-07
3.785 0.00314542457412 3.14542457412e-07
3.79 0.00312816949294 3.12816949294e-07
3.795 0.00311182695664 3.11182695664e-07
3.8 0.00309477775678 3.09477775678e-07
3.805 0.00307858284423 3.07858284423e-07
3.81 0.0030613261788 3.0613261788e-07
3.815 0.00304460155849 3.04460155849e-07
3.82 0.00302785418326 3.02785418326e-07
3.825 0.00301123810457 3.01123810457e-07
3.83 0.00299502996295 2.99502996295e-07
3.835 0.00297947011584 2.97947011584e-07
3.84 0.00296267400504 2.96267400504e-07
3.845 0.00294702953448 2.94702953448e-07
3.85 0.0029309264335 2.9309264335e-07
3.855 0.00291562430179 2.91562430179e-07
3.86 0.00289924502087 2.89924502087e-07
3.865 0.00288398339432 2.88398339432e-07
3.87 0.00286837351036 2.86837351036e-07
3.875 0.00285195683404 2.85195683404e-07
3.88 0.0028366839399 2.8366839399e-07
3.885 0.00282138709728 2.82138709728e-07
3.89 0.00280580211161 2.80580211161e-07
3.895 0.00279184127135 2.79184127135e-07
3.9 0.00277599479361 2.77599479361e-07
3.905 0.00276080467319 2.76080467319e-07
3.91 0.00274626805292 2.74626805292e-07
3.915 0.00273100982579 2.73100982579e-07
3.92 0.002716455176 2.716455176e-07
3.925 0.00270174889106 2.70174889106e-07
3.93 0.00268701623112 2.68701623112e-07
3.935 0.00267216564897 2.67216564897e-07
3.94 0.0026584145777 2.6584145777e-07
3.945 0.0026437413992 2.6437413992e-07
3.95 0.00262936643096 2.62936643096e-07
3.955 0.00261506614575 2.61506614575e-07
3.96 0.0026010738407 2.6010738407e-07
3.965 0.00258698491819 2.58698491819e-07
3.97 0.00257281387588 2.57281387588e-07
3.975 0.00255868351935 2.55868351935e-07
3.98 0.00254578195364 2.54578195364e-07
3.985 0.00253176900727 2.53176900727e-07
3.99 0.00251823408129 2.51823408129e-07
3.995 0.00250453002958 2.50453002958e-07
4.0 0.002491479103 2.491479103e-07
4.005 0.00247760801783 2.47760801783e-07
4.01 0.0024638324602 2.4638324602e-07
4.015 0.0024507802422 2.4507802422e-07
4.02 0.00243774240262 2.43774240262e-07
4.025 0.00242513220763 2.42513220763e-07
4.03 0.00241160630196 2.41160630196e-07
4.035 0.00239825798528 2.39825798528e-07
4.04 0.00238532063668 2.38532063668e-07
4.045 0.00237302085427 2.37302085427e-07
4.05 0.00236022928949 2.36022928949e-07
4.055 0.00234729026338 2.34729026338e-07
4.06 0.00233475664264 2.33475664264e-07
4.065 0.00232239717893 2.32239717893e-07
4.07 0.00231000498101 2.31000498101e-07
4.075 0.00229708867065 2.29708867065e-07
4.08 0.0022849729831 2.2849729831e-07
4.085 0.00227305242166 2.27305242166e-07
4.09 0.00226025750696 2.26025750696e-07
4.095 0.00224813829675 2.24813829675e-07
4.1 0.00223632062057 2.23632062057e-07
4.105 0.00222459270523 2.22459270523e-07
4.11 0.00221234046842 2.21234046842e-07
4.115 0.00220062344308 2.20062344308e-07
4.12 0.00218869046083 2.18869046083e-07
4.125 0.0021770392378 2.1770392378e-07
4.13 0.00216502564018 2.16502564018e-07
4.135 0.00215345657128 2.15345657128e-07
4.14 0.00214213039478 2.14213039478e-07
4.145 0.00213078896183 2.13078896183e-07
4.15 0.00211940622502 2.11940622502e-07
4.155 0.00210769720266 2.10769720266e-07
4.16 0.00209654542029 2.09654542029e-07
4.165 0.00208562843568 2.08562843568e-07
4.17 0.0020744704494 2.0744704494e-07
4.175 0.00206297982494 2.06297982494e-07
4.18 0.00205190455201 2.05190455201e-07
4.185 0.0020409994867 2.0409994867e-07
4.19 0.00203011542341 2.03011542341e-07
4.195 0.00201912705253 2.01912705253e-07
4.2 0.00200814529496 2.00814529496e-07
4.205 0.00199761402832 1.99761402832e-07
4.21 0.00198671653825 1.98671653825e-07
4.215 0.00197635252505 1.97635252505e-07
4.22 0.00196587660359 1.96587660359e-07
4.225 0.00195536684424 1.95536684424e-07
4.23 0.00194465143825 1.94465143825e-07
4.235 0.00193454652564 1.93454652564e-07
4.24 0.00192410523515 1.92410523515e-07
4.245 0.00191397269854 1.91397269854e-07
4.25 0.00190353542159 1.90353542159e-07
4.255 0.00189326390493 1.89326390493e-07
4.26 0.00188345644253 1.88345644253e-07
4.265 0.00187346171513 1.87346171513e-07
4.27 0.00186297103665 1.86297103665e-07
4.275 0.00185306559862 1.85306559862e-07
4.28 0.00184362211862 1.84362211862e-07
4.285 0.00183345438263 1.83345438263e-07
4.29 0.00182401839778 1.82401839778e-07
4.295 0.00181431765825 1.81431765825e-07
4.3 0.00180454443738 1.80454443738e-07
4.305 0.00179497380385 1.79497380385e-07
4.31 0.00178531897102 1.78531897102e-07
4.315 0.00177581777453 1.77581777453e-07
4.32 0.00176654412546 1.76654412546e-07
4.325 0.00175711620357 1.75711620357e-07
4.33 0.00174772169321 1.74772169321e-07
4.335 0.00173814479454 1.73814479454e-07
4.34 0.00172922723586 1.72922723586e-07
4.345 0.00171998678026 1.71998678026e-07
4.35 0.00171065682951 1.71065682951e-07
4.355 0.00170143055874 1.70143055874e-07
4.36 0.00169248966946 1.69248966946e-07
4.365 0.00168344739364 1.68344739364e-07
4.37 0.00167475457329 1.67475457329e-07
4.375 0.00166592366528 1.66592366528e-07
4.38 0.00165687686654 1.65687686654e-07
4.385 0.00164792390177 1.64792390177e-07
4.39 0.00163931817178 1.63931817178e-07
4.395 0.00163038519804 1.63038519804e-07
4.4 0.00162196450017 1.62196450017e-07
4.405 0.00161311330905 1.61311330905e-07
4.41 0.00160471871333 1.60471871333e-07
4.415 0.00159632446192 1.59632446192e-07
4.42 0.0015877128149 1.5877128149e-07
4.425 0.00157928348529 1.57928348529e-07
4.43 0.00157106776382 1.57106776382e-07
4.435 0.00156277894864 1.56277894864e-07
4.44 0.00155448227385 1.55448227385e-07
4.445 0.00154607683432 1.54607683432e-07
4.45 0.00153787512225 1.53787512225e-07
4.455 0.00152995884775 1.52995884775e-07
4.46 0.00152154952702 1.52154952702e-07
4.465 0.00151340206597 1.51340206597e-07
4.47 0.00150528186518 1.50528186518e-07
4.475 0.00149754028356 1.49754028356e-07
4.48 0.00148985908509 1.48985908509e-07
4.485 0.00148174585111 1.48174585111e-07
4.49 0.00147374137553 1.47374137553e-07
4.495 0.00146596419214 1.46596419214e-07
4.5 0.00145819433638 1.45819433638e-07
4.505 0.00145051240907 1.45051240907e-07
4.51 0.00144291008585 1.44291008585e-07
4.515 0.00143520475504 1.43520475504e-07
4.52 0.00142773870438 1.42773870438e-07
4.525 0.00142023483547 1.42023483547e-07
4.53 0.00141253058098 1.41253058098e-07
4.535 0.00140511303913 1.40511303913e-07
4.54 0.00139761593017 1.39761593017e-07
4.545 0.00138998706691 1.38998706691e-07
4.55 0.00138294540842 1.38294540842e-07
4.555 0.00137590282318 1.37590282318e-07
4.56 0.00136826761869 1.36826761869e-07
4.565 0.00136124081574 1.36124081574e-07
4.57 0.00135400723636 1.35400723636e-07
4.575 0.00134706832485 1.34706832485e-07
4.58 0.00133947992076 1.33947992076e-07
4.585 0.00133266853205 1.33266853205e-07
4.59 0.0013256069025 1.3256069025e-07
4.595 0.00131850814961 1.31850814961e-07
4.6 0.00131155508297 1.31155508297e-07
4.605 0.00130495723361 1.30495723361e-07
4.61 0.00129771896237 1.29771896237e-07
4.615 0.00129087730552 1.29087730552e-07
4.62 0.00128416143011 1.28416143011e-07
4.625 0.00127749474907 1.27749474907e-07
4.63 0.00127068426735 1.27068426735e-07
4.635 0.00126403517604 1.26403517604e-07
4.64 0.0012573009106 1.2573009106e-07
4.645 0.00125051308732 1.25051308732e-07
4.65 0.00124395875615 1.24395875615e-07
4.655 0.00123744371968 1.23744371968e-07
4.66 0.00123098042317 1.23098042317e-07
4.665 0.00122468469363 1.22468469363e-07
4.67 0.00121801893158 1.21801893158e-07
4.675 0.00121158913554 1.21158913554e-07
4.68 0.00120531540933 1.20531540933e-07
4.685 0.00119882340358 1.19882340358e-07
4.69 0.00119247800565 1.19247800565e-07
4.695 0.00118631054265 1.18631054265e-07
4.7 0.00118000667874 1.18000667874e-07
4.705 0.00117375817761 1.17375817761e-07
4.71 0.00116765969125 1.16765969125e-07
4.715 0.00116161627461 1.16161627461e-07
4.72 0.00115540318295 1.15540318295e-07
4.725 0.00114927335994 1.14927335994e-07
4.73 0.00114322238257 1.14322238257e-07
4.735 0.0011372418974 1.1372418974e-07
4.74 0.00113138503764 1.13138503764e-07
4.745 0.00112561307327 1.12561307327e-07
4.75 0.00111947094942 1.11947094942e-07
4.755 0.00111328843381 1.11328843381e-07
4.76 0.00110763921853 1.10763921853e-07
4.765 0.00110203632655 1.10203632655e-07
4.77 0.0010961961035 1.0961961035e-07
4.775 0.00109036514481 1.09036514481e-07
4.78 0.00108461047248 1.08461047248e-07
4.785 0.00107889481019 1.07889481019e-07
4.79 0.00107337173105 1.07337173105e-07
4.795 0.00106760782442 1.06760782442e-07
4.8 0.00106194187287 1.06194187287e-07
4.805 0.00105646403796 1.05646403796e-07
4.81 0.00105084943111 1.05084943111e-07
4.815 0.00104522901223 1.04522901223e-07
4.82 0.00103991561522 1.03991561522e-07
4.825 0.00103467806093 1.03467806093e-07
4.83 0.00102900703279 1.02900703279e-07
4.835 0.00102383393028 1.02383393028e-07
4.84 0.00101826175561 1.01826175561e-07
4.845 0.00101312238921 1.01312238921e-07
4.85 0.00100757956799 1.00757956799e-07
4.855 0.00100236911682 1.00236911682e-07
4.86 0.000997006239584 9.97006239584e-08
4.865 0.000991878848483 9.91878848483e-08
4.87 0.000986567925846 9.86567925846e-08
4.875 0.000981300523607 9.81300523607e-08
4.88 0.000976344501565 9.76344501565e-08
4.885 0.000971207183361 9.71207183361e-08
4.89 0.000966148903002 9.66148903002e-08
4.895 0.000961152109765 9.61152109765e-08
4.9 0.000956072452102 9.56072452102e-08
4.905 0.000951147645167 9.51147645167e-08
4.91 0.000946168774883 9.46168774883e-08
4.915 0.000941306118753 9.41306118753e-08
4.92 0.000936203640734 9.36203640734e-08
4.925 0.000931463877127 9.31463877127e-08
4.93 0.000926539869365 9.26539869365e-08
4.935 0.000921577986243 9.21577986243e-08
4.94 0.000916770722133 9.16770722133e-08
4.945 0.000912161134037 9.12161134037e-08
4.95 0.000907260655314 9.07260655314e-08
4.955 0.000902438737416 9.02438737416e-08
4.96 0.000897817838317 8.97817838317e-08
4.965 0.00089311934359 8.9311934359e-08
4.97 0.000888331423069 8.88331423069e-08
4.975 0.000883819540715 8.83819540715e-08
4.98 0.0008793297453 8.793297453e-08
4.985 0.000874690609748 8.74690609748e-08
4.99 0.000870047327946 8.70047327946e-08
4.995 0.000865648904209 8.65648904209e-08
5.0 0.000860872411955 8.60872411955e-08
